20
0: 1 3 4 9 18 7 2 5
1: 16 5 7 2 17
2: 17 5 8
3: 7 18 5 2 11 17 10 13  9 16 4 12
4: 17 19 11 13 16 14 18 8
5: 17 9 15 8 2 10 13 6 3 12 4 14 11 7 0
6: 9 4 12 7
7: 11 16 15 17  6 18  4  8 10 14  1 13  0 19  9
8: 5  4  3  1  7 12 19  0  6 13
9: 12  1 10 17   6 13  0  5  7 11  3 19  2 15  4 18
10: 6  2 18  8 16 11  0  1 17  4 15  3 13
11: 7 17  8 13 12  2 14  9 18 15 19  1  4  0
12: 5  6 15 18 14  9  0  8 19 10
13: 0 19  9 10  2 11 18 15 12 16  1  4  5  7  6 17 14
14: 2  3 11 19 10 18  1
15: 18  8  9 16  2  3 14
16: 1 12  6  0  7 19 17  9  8 15
17: 16  2  1 12  5  7
18: 3 13  6 11  4 19  8 17 16 10  0  7  2  1 12 15  5  9 14
19: 11  1  7
